84
39
79
80
92
19
33
77
28
55
48
63
36
51
96
92
64
72
14
61
1
24
13
81
15
40
13
10
100
22
51
84
61
29
64
52
49
98
29
77
53
77
40
90
28
35
81
92
7
95
53
8
19
66
89
35
6
2
46
6
24
98
91
85
26
54
37
76
51
67
53
3
44
94
94
72
28
74
64
35
69
16
44
88
83
33
23
90
35
69
96
59
66
86
44
93
40
82
69
92
48
21
95
92
14
88
64
43
62
28
79
31
45
22
18
27
56
42
17
91
10
12
50
76
99
94
69
38
75
37
29
23
59
24
15
73
12
80
16
75
7
95
5
52
17
24
80
73
66
97
64
76
9
13
52
7
7
20
46
82
57
76
5
15
100
20
89
12
100
5
87
7
0
93
59
18
16
39
92
82
36
55
58
45
69
10
53
76
30
100
58
88
75
63
3
75
84
93
88
83
